 1.0 0.0 11.0 0.5	0.929293513 0.365726888
 1.0 0.0 11.0 1.0	1.21379757 0.176372901
 1.0 0.0 12.0 0.5	0.885525703 0.438872278
 1.0 0.0 12.0 1.0	1.02197719 0.365726888
 1.0 0.0 13.0 0.5	0.836865783 0.526646733
 1.0 0.0 13.0 1.0	0.969980896 0.438872278
 1.0 0.0 14.0 0.5	0.834278703 0.526646733
 1.0 0.0 14.0 1.0	0.922295451 0.526646733
 1.0 0.0 15.0 0.5	0.783730209 0.631976128
 1.0 0.0 15.0 1.0	0.846586168 0.631976128
 1.0 0.0 16.0 0.5	0.745104671 0.758371413
 1.0 0.0 16.0 1.0	0.847666085 0.631976128
 1.0 0.0 17.0 0.5	0.736410558 0.758371413
 1.0 0.0 17.0 1.0	0.853896439 0.631976128
 1.0 0.0 18.0 0.5	0.731655836 0.910045743
 1.0 0.0 18.0 1.0	0.874848366 0.631976128
 1.0 0.0 19.0 0.5	0.703376830 1.09205496
 1.0 0.0 19.0 1.0	0.849044502 0.631976128
 1.0 0.0 20.0 0.5	0.722337842 1.09205496
 1.0 0.0 20.0 1	0.840258598 0.631976128
 1.0 0.0 20.0 2	0.879909158 0.758371413
 1.0 0.0 20.0 3	1.24643326 0.211647496
 1.0 0.0 20.0 5	1.58110607 1.97813846E-02
 1.0 0.0 21.0 0.5	0.704381704 1.31046605
 1.0 0.0 22.0 0.5	0.700488508 1.57255936
 1.0 0.0 23.0 0.5	0.694134951 1.88707125
 1.0 0.0 24.0 0.5	0.727857351 2.26448560
 1.0 0.0 25.0 0.5	0.768420339 2.71738291
 1.0 0.0 26.0 0.5	0.899465919 2.71738291
 1.0 0.0 27.0 0.5	1.02122200 3.26085973
 1.0 0.0 28.0 0.5	1.22412157 3.26085973
 1.0 0.0 29.0 0.5	1.46030557 3.26085973
 1.0 0.0 30.0 0.5	1.69769752 3.26085973
 1.0 0.0 30.0 1	0.685079992 1.09205496
 1.0 0.0 31.0 0.5	1.90461004 4.69563818
 1.0 0.0 32.0 0.5	2.26315427 3.91303182
 1.0 0.0 33.0 0.5	2.46946692 4.69563818
 1.0 0.0 34.0 0.5	2.42269325 6.76171970
 1.0 0.0 35.0 0.5	2.77308369 3.91303182
 1.0 0.0 36.0 0.5	2.79524708 8.11406422
 1.0 0.0 37.0 0.5	
 1.0 0.0 38.0 0.5	3.24621058 6.76171970
 1.0 0.0 39.0 0.5	3.48061585 6.76171970
 1.0 0.0 40.0 0.5	3.64364505 9.73687744
 1.0 0.0 40.0 1	0.855331838 2.71738291
 1.0 0.0 40.0 2	0.695665419 1.31046605
 1.0 0.0 40.0 3	0.824845731 1.09205496
 1.0 0.0 40.0 5	1.08520710 0.438872278
 1.0 0.0 50.0 1	1.94188213 5.63476610
 1.0 0.0 50.0 2	0.769008040 1.09205496
 1.0 0.0 50.0 3	0.840683401 0.910045743
 1.0 0.0 50.0 5	0.927106917 0.758371413
 1.0 0.0 60.0 1	4.21454334 5.63476610
 1.0 0.0 60.0 2	0.765366137 1.57255936
 1.0 0.0 60.0 3	0.838650703 1.09205496
 1.0 0.0 60.0 5	0.892578065 0.910045743
 1.2 0.0 11.0 0.5	0.871322930 0.438872278
 1.2 0.0 11.0 1.0	1.23163962 0.176372901
 1.2 0.0 12.0 0.5	0.872391164 0.438872278
 1.2 0.0 12.0 1.0	1.03616047 0.365726888
 1.2 0.0 13.0 0.5	0.827521563 0.526646733
 1.2 0.0 13.0 1.0	0.988873184 0.438872278
 1.2 0.0 14.0 0.5	0.842574418 0.526646733
 1.2 0.0 14.0 1.0	0.912911594 0.526646733
 1.2 0.0 15.0 0.5	0.794055045 0.631976128
 1.2 0.0 15.0 1.0	0.915749788 0.526646733
 1.2 0.0 16.0 0.5	0.738222599 0.758371413
 1.2 0.0 16.0 1.0	0.847221196 0.631976128
 1.2 0.0 17.0 0.5	0.740072429 0.758371413
 1.2 0.0 17.0 1.0	0.842276394 0.631976128
 1.2 0.0 18.0 0.5	0.724254191 0.910045743
 1.2 0.0 18.0 1.0	0.838784575 0.631976128
 1.2 0.0 19.0 0.5	0.721661389 1.09205496
 1.2 0.0 19.0 1.0	0.831952393 0.631976128
 1.2 0.0 20.0 1	0.859426081 0.631976128
 1.2 0.0 20.0 2	0.874794781 0.758371413
 1.2 0.0 20.0 3	1.23918843 0.211647496
 1.2 0.0 20.0 5	1.58538449 2.37376634E-02
 1.2 0.0 30.0 1	0.660871923 1.31046605
 1.2 0.0 40.0 1	0.807436883 2.71738291
 1.2 0.0 40.0 2	0.734764576 1.09205496
 1.2 0.0 40.0 3	0.801240861 1.09205496
 1.2 0.0 40.0 5	1.03270042 0.526646733
 1.2 0.0 50.0 1	1.98336947 5.63476610
 1.2 0.0 50.0 2	
 1.2 0.0 50.0 3	0.847890079 0.910045743
 1.2 0.0 50.0 5	0.901231229 0.910045743
 1.2 0.0 60.0 1	4.08250952 8.11406422
 1.2 0.0 60.0 2	0.748855412 1.88707125
 1.2 0.0 60.0 3	0.823129952 1.09205496
 1.2 0.0 60.0 5	0.901860595 0.910045743
 1.4 0.0 20.0 1	0.847267449 0.631976128
 1.4 0.0 20.0 2	0.893928587 0.758371413
 1.4 0.0 20.0 3	1.25484395 0.211647496
 1.4 0.0 20.0 5	1.49890566 4.10186872E-02
 1.4 0.0 30.0 1	0.682514429 1.31046605
 1.4 0.0 40.0 1	0.833603621 2.71738291
 1.4 0.0 40.0 2	0.776953459 0.910045743
 1.4 0.0 40.0 3	0.809541106 1.09205496
 1.4 0.0 40.0 5	
 1.4 0.0 50.0 1	1.91806626 6.76171970
 1.4 0.0 50.0 2	0.759280980 1.09205496
 1.4 0.0 50.0 3	0.835634768 0.910045743
 1.4 0.0 50.0 5	0.957260132 0.758371413
 1.4 0.0 60.0 1	4.00551128 9.73687744
 1.4 0.0 60.0 2	0.747164190 1.88707125
 1.4 0.0 60.0 3	0.816348255 1.09205496
 1.4 0.0 60.0 5	0.881179571 0.910045743
 1.6 0.0 20.0 1	0.839530706 0.631976128
 1.6 0.0 20.0 2	0.947965622 0.631976128
 1.6 0.0 20.0 3	1.20313334 0.253977001
 1.6 0.0 20.0 5	1.44340491 5.90669177E-02
 1.6 0.0 30.0 1	0.690334857 1.31046605
 1.6 0.0 40.0 1	0.804743588 3.26085973
 1.6 0.0 40.0 2	0.738460422 1.09205496
 1.6 0.0 40.0 3	0.803612769 1.09205496
 1.6 0.0 40.0 5	1.03685486 0.526646733
 1.6 0.0 50.0 1	1.92387474 6.76171970
 1.6 0.0 50.0 2	0.762018025 1.09205496
 1.6 0.0 50.0 3	0.842781246 0.910045743
 1.6 0.0 50.0 5	0.968631506 0.758371413
 1.6 0.0 60.0 1	4.17851877 5.63476610
 1.6 0.0 60.0 2	0.742003441 1.88707125
 1.6 0.0 60.0 3	0.827838719 1.09205496
 1.6 0.0 60.0 5	0.886626601 0.910045743
 1.8 0.0 20.0 1	0.769643188 0.758371413
 1.8 0.0 20.0 2	1.01250875 0.526646733
 1.8 0.0 20.0 3	1.20857012 0.253977001
 1.8 0.0 20.0 5	1.40587449 7.08803013E-02
 1.8 0.0 30.0 1	
 1.8 0.0 40.0 1	0.800507307 3.26085973
 1.8 0.0 40.0 2	0.760656357 1.09205496
 1.8 0.0 40.0 3	
 1.8 0.0 40.0 5	1.04136741 0.526646733
 1.8 0.0 50.0 1	1.94851971 5.63476610
 1.8 0.0 50.0 2	0.727255583 1.31046605
 1.8 0.0 50.0 3	0.845586538 0.910045743
 1.8 0.0 50.0 5	0.962882400 0.758371413
 1.8 0.0 60.0 1	4.14729595 5.63476610
 1.8 0.0 60.0 2	0.760050833 1.88707125
 1.8 0.0 60.0 3	0.810150504 1.09205496
 1.8 0.0 60.0 5	0.907285035 0.910045743
 2.0 0.0 0.01 1	1.14947438 1.37370713E-02
 2.0 0.0 0.01 2	1.15309298 1.37370713E-02
 2.0 0.0 0.01 3	1.14471209 1.37370713E-02
 2.0 0.0 0.01 5	1.14577651 1.37370713E-02
 2.0 0.0 0.01 7	1.14864743 1.37370713E-02
 2.0 0.0 0.01 9	1.15109587 1.37370713E-02
 2.0 0.0 1.0 1	1.15727019 1.37370713E-02
 2.0 0.0 10 1	1.19142008 0.211647496
 2.0 0.0 1.0 2	1.15408552 1.37370713E-02
 2.0 0.0 10 2	1.38819325 7.08803013E-02
 2.0 0.0 1.0 3	1.15287256 1.37370713E-02
 2.0 0.0 10 3	1.51804221 2.37376634E-02
 2.0 0.0 1.0 5	1.14648855 1.37370713E-02
 2.0 0.0 10 5	1.38128924 1.37370713E-02
 2.0 0.0 1.0 7	1.15161669 1.37370713E-02
 2.0 0.0 10 7	1.27294469 1.37370713E-02
 2.0 0.0 1.0 9	1.14377964 1.37370713E-02
 2.0 0.0 10 9	1.21707642 1.37370713E-02
 2.0 0.0 11.0 0.5	0.848729908 0.526646733
 2.0 0.0 11.0 1.0	1.10518372 0.304772407
 2.0 0.0 12.0 0.5	0.826723516 0.526646733
 2.0 0.0 12.0 1.0	1.06253934 0.365726888
 2.0 0.0 13.0 0.5	0.812506258 0.526646733
 2.0 0.0 13.0 1.0	1.01658988 0.438872278
 2.0 0.0 14.0 0.5	0.770860076 0.631976128
 2.0 0.0 14.0 1.0	0.887960553 0.631976128
 2.0 0.0 15.0 0.5	0.777183890 0.631976128
 2.0 0.0 15.0 1.0	0.886616647 0.631976128
 2.0 0.0 16.0 0.5	0.739812076 0.758371413
 2.0 0.0 16.0 1.0	0.892814994 0.631976128
 2.0 0.0 17.0 0.5	0.775268972 0.758371413
 2.0 0.0 17.0 1.0	0.880788743 0.631976128
 2.0 0.0 18.0 0.5	0.747654259 0.910045743
 2.0 0.0 18.0 1.0	0.817717493 0.758371413
 2.0 0.0 19.0 0.5	0.713936269 1.09205496
 2.0 0.0 19.0 1.0	0.799576640 0.758371413
 2.0 0.0 20.0 0.5	0.678262651 1.31046605
 2.0 0.0 2.0 1	1.17046058 1.37370713E-02
 2.0 0.0 20 1	0.790175200 0.758371413
 2.0 0.0 2.0 2	1.15929234 1.37370713E-02
 2.0 0.0 20 2	1.01137614 0.526646733
 2.0 0.0 2.0 3	1.15836465 1.37370713E-02
 2.0 0.0 20 3	1.15858305 0.304772407
 2.0 0.0 2.0 5	1.15746379 1.37370713E-02
 2.0 0.0 20 5	1.39408720 8.50563645E-02
 2.0 0.0 2.0 7	1.15582645 1.37370713E-02
 2.0 0.0 20 7	1.57184696 2.37376634E-02
 2.0 0.0 2.0 9	1.14616311 1.37370713E-02
 2.0 0.0 20 9	1.51357090 1.37370713E-02
 2.0 0.0 21.0 0.5	0.675582469 1.57255936
 2.0 0.0 22.0 0.5	0.672192931 1.88707125
 2.0 0.0 23.0 0.5	0.747830093 1.88707125
 2.0 0.0 24.0 0.5	0.748421907 2.26448560
 2.0 0.0 25.0 0.5	0.795765817 2.71738291
 2.0 0.0 26.0 0.5	0.899248183 3.26085973
 2.0 0.0 27.0 0.5	1.08755529 3.26085973
 2.0 0.0 28.0 0.5	1.24357367 3.91303182
 2.0 0.0 29.0 0.5	1.49805260 3.91303182
 2.0 0.0 30.0 0.5	1.70917392 3.91303182
 2.0 0.0 30 1	0.673552573 1.57255936
 2.0 0.0 30 2	0.805163383 0.910045743
 2.0 0.0 30 3	0.929184496 0.758371413
 2.0 0.0 30 5	1.21821833 0.253977001
 2.0 0.0 30 7	1.39122713 0.102067642
 2.0 0.0 30 9	1.46672571 4.92224284E-02
 2.0 0.0 31.0 0.5	1.97727942 4.69563818
 2.0 0.0 32.0 0.5	2.23688960 5.63476610
 2.0 0.0 33.0 0.5	2.33502626 8.11406422
 2.0 0.0 34.0 0.5	2.52450371 8.11406422
 2.0 0.0 35.0 0.5	2.79947519 4.69563818
 2.0 0.0 36.0 0.5	2.97149110 6.76171970
 2.0 0.0 37.0 0.5	3.04621696 6.76171970
 2.0 0.0 38.0 0.5	3.33694649 6.76171970
 2.0 0.0 39.0 0.5	3.56505990 8.11406422
 2.0 0.0 40.0 0.5	3.75300956 9.73687744
 2.0 0.0 4.0 1	1.29263973 1.37370713E-02
 2.0 0.0 40 1	0.850507677 2.71738291
 2.0 0.0 4.0 2	1.21786153 1.37370713E-02
 2.0 0.0 40 2	0.759795308 1.09205496
 2.0 0.0 4.0 3	1.18246043 1.37370713E-02
 2.0 0.0 40 3	0.808004260 1.09205496
 2.0 0.0 4.0 5	1.16631448 1.37370713E-02
 2.0 0.0 40 5	
 2.0 0.0 4.0 7	1.16104293 1.37370713E-02
 2.0 0.0 40 7	1.26607430 0.211647496
 2.0 0.0 4.0 9	1.15396678 1.37370713E-02
 2.0 0.0 40 9	1.39467239 0.102067642
 2.0 0.0 50 1	1.90052998 6.76171970
 2.0 0.0 50 2	0.718694389 1.31046605
 2.0 0.0 50 3	0.795562148 1.09205496
 2.0 0.0 50 5	0.961503565 0.758371413
 2.0 0.0 50 7	1.14038777 0.365726888
 2.0 0.0 50 9	1.29685473 0.176372901
 2.0 0.0 6.0 1	1.52891397 1.97813846E-02
 2.0 0.0 60 1	4.26268482 4.69563818
 2.0 0.0 6.0 2	1.37193334 1.37370713E-02
 2.0 0.0 60 2	0.794175565 1.57255936
 2.0 0.0 6.0 3	1.27360713 1.37370713E-02
 2.0 0.0 60 3	0.823740363 1.09205496
 2.0 0.0 6.0 5	1.20237279 1.37370713E-02
 2.0 0.0 60 5	0.913993657 0.910045743
 2.0 0.0 6.0 7	1.17969716 1.37370713E-02
 2.0 0.0 60 7	
 2.0 0.0 6.0 9	1.16682851 1.37370713E-02
 2.0 0.0 60 9	1.18537664 0.304772407
 2.0 0.0 8.0 1	1.34221697 8.50563645E-02
 2.0 0.0 8.0 2	1.51527476 2.37376634E-02
 2.0 0.0 8.0 3	1.44331658 1.37370713E-02
 2.0 0.0 8.0 5	1.27014685 1.37370713E-02
 2.0 0.0 8.0 7	1.21197498 1.37370713E-02
 2.0 0.0 8.0 9	1.18484402 1.37370713E-02
 2.2 0.0 20.0 1	0.797725797 0.758371413
 2.2 0.0 20.0 2	1.02079737 0.526646733
 2.2 0.0 20.0 3	1.16054749 0.304772407
 2.2 0.0 20.0 5	1.36004376 0.102067642
 2.2 0.0 30.0 1	0.737913370 1.31046605
 2.2 0.0 40.0 1	0.817028582 3.26085973
 2.2 0.0 40.0 2	0.766328692 1.09205496
 2.2 0.0 40.0 3	
 2.2 0.0 40.0 5	1.04844987 0.526646733
 2.2 0.0 50.0 1	1.95437181 5.63476610
 2.2 0.0 50.0 2	0.733968079 1.31046605
 2.2 0.0 50.0 3	0.830979109 0.910045743
 2.2 0.0 50.0 5	0.977733552 0.758371413
 2.2 0.0 60.0 1	
 2.2 0.0 60.0 2	0.744099736 1.88707125
 2.2 0.0 60.0 3	0.836688161 1.09205496
 2.2 0.0 60.0 5	0.895831645 0.910045743
 2.4 0.0 20.0 1	0.794239998 0.758371413
 2.4 0.0 20.0 2	0.963861406 0.631976128
 2.4 0.0 20.0 3	1.15876675 0.304772407
 2.4 0.0 20.0 5	1.34458947 0.122481175
 2.4 0.0 30.0 1	0.738033116 1.31046605
 2.4 0.0 40.0 1	0.888344467 2.71738291
 2.4 0.0 40.0 2	0.761961043 1.09205496
 2.4 0.0 40.0 3	0.834384739 1.09205496
 2.4 0.0 40.0 5	0.995355189 0.631976128
 2.4 0.0 50.0 1	1.99387372 5.63476610
 2.4 0.0 50.0 2	0.735921025 1.31046605
 2.4 0.0 50.0 3	0.837276459 0.910045743
 2.4 0.0 50.0 5	0.958567679 0.758371413
 2.4 0.0 60.0 1	4.26794720 5.63476610
 2.4 0.0 60.0 2	0.765592039 1.88707125
 2.4 0.0 60.0 3	0.814611614 1.09205496
 2.4 0.0 60.0 5	0.913949847 0.910045743
 2.6 0.0 20.0 1	0.812358916 0.758371413
 2.6 0.0 20.0 2	0.969178915 0.631976128
 2.6 0.0 20.0 3	1.16927028 0.304772407
 2.6 0.0 20.0 5	1.34949863 0.122481175
 2.6 0.0 30.0 1	0.743690908 1.31046605
 2.6 0.0 40.0 1	0.905329466 2.71738291
 2.6 0.0 40.0 2	0.764972091 1.09205496
 2.6 0.0 40.0 3	0.836195588 1.09205496
 2.6 0.0 40.0 5	1.04960513 0.526646733
 2.6 0.0 50.0 1	1.97954583 5.63476610
 2.6 0.0 50.0 2	0.745856524 1.31046605
 2.6 0.0 50.0 3	0.780849040 1.09205496
 2.6 0.0 50.0 5	0.952473700 0.758371413
 2.6 0.0 60.0 1	4.28629541 5.63476610
 2.6 0.0 60.0 2	0.763307691 1.88707125
 2.6 0.0 60.0 3	0.822669744 1.09205496
 2.6 0.0 60.0 5	0.928195834 0.910045743
 2.8 0.0 20.0 1	0.821465075 0.758371413
 2.8 0.0 20.0 2	0.985325575 0.631976128
 2.8 0.0 20.0 3	1.12329721 0.365726888
 2.8 0.0 20.0 5	1.31200540 0.146977410
 2.8 0.0 30.0 1	0.765066266 1.31046605
 2.8 0.0 40.0 1	0.897131026 2.71738291
 2.8 0.0 40.0 2	0.761716723 1.09205496
 2.8 0.0 40.0 3	0.891461074 0.910045743
 2.8 0.0 40.0 5	0.997865736 0.631976128
 2.8 0.0 50.0 1	1.94055879 6.76171970
 2.8 0.0 50.0 2	0.784950435 1.09205496
 2.8 0.0 50.0 3	
 2.8 0.0 50.0 5	0.959778011 0.758371413
 2.8 0.0 60.0 1	4.26832104 5.63476610
 2.8 0.0 60.0 2	0.830924630 1.57255936
 2.8 0.0 60.0 3	0.840431929 1.09205496
 2.8 0.0 60.0 5	0.897346079 0.910045743
 3.0 0.0 20.0 0.5	0.687447965 1.31046605
 3.0 0.0 20.0 1	0.819591701 0.758371413
 3.0 0.0 20.0 2	0.981586158 0.631976128
 3.0 0.0 20.0 3	1.12014163 0.365726888
 3.0 0.0 20.0 5	1.32048571 0.146977410
 3.0 0.0 21.0 0.5	0.736079156 1.57255936
 3.0 0.0 22.0 0.5	0.698276997 1.88707125
 3.0 0.0 23.0 0.5	0.702213824 2.26448560
 3.0 0.0 24.0 0.5	0.749929905 2.26448560
 3.0 0.0 25.0 0.5	0.813556075 2.71738291
 3.0 0.0 26.0 0.5	0.975511193 2.71738291
 3.0 0.0 27.0 0.5	1.13872957 3.26085973
 3.0 0.0 28.0 0.5	1.31450820 3.91303182
 3.0 0.0 29.0 0.5	1.54971385 3.26085973
 3.0 0.0 30.0 0.5	1.83927906 3.91303182
 3.0 0.0 30.0 1	0.733420551 1.31046605
 3.0 0.0 31.0 0.5	2.11160660 3.91303182
 3.0 0.0 32.0 0.5	2.30696702 5.63476610
 3.0 0.0 33.0 0.5	2.55286217 4.69563818
 3.0 0.0 34.0 0.5	2.66662979 5.63476610
 3.0 0.0 35.0 0.5	2.70196104 6.76171970
 3.0 0.0 36.0 0.5	2.88144231 6.76171970
 3.0 0.0 37.0 0.5	3.12541103 6.76171970
 3.0 0.0 38.0 0.5	3.34535027 8.11406422
 3.0 0.0 39.0 0.5	3.58194590 6.76171970
 3.0 0.0 40.0 1	0.856204987 3.26085973
 3.0 0.0 40.0 2	0.759565115 1.09205496
 3.0 0.0 40.0 3	0.913823128 0.910045743
 3.0 0.0 40.0 5	1.04515016 0.526646733
 3.0 0.0 50.0 1	2.02029967 5.63476610
 3.0 0.0 50.0 2	0.728127182 1.31046605
 3.0 0.0 50.0 3	0.778125048 1.09205496
 3.0 0.0 50.0 5	0.913660765 0.910045743
 3.0 0.0 60.0 1	4.27258110 5.63476610
 3.0 0.0 60.0 2	0.782723784 1.88707125
 3.0 0.0 60.0 3	0.821962118 1.09205496
 3.0 0.0 60.0 5	0.905403674 0.910045743
