 1.0 0.0 10.0 0.5	6.96955681 1.37370713E-02
 1.0 0.0 10.0 1	6.63056946 1.37370713E-02
 1.0 0.0 1.0 1	6.48023796 1.37370713E-02
 1.0 0.0 11.0 0.5	7.08951092 1.97813846E-02
 1.0 0.0 11.0 1	6.70369339 1.37370713E-02
 1.0 0.0 12.0 0.5	5.45248604 1.57255936
 1.0 0.0 12.0 1	6.80766726 1.37370713E-02
 1.0 0.0 13.0 0.5	5.37809181 1.57255936
 1.0 0.0 13.0 1	6.91725397 1.37370713E-02
 1.0 0.0 14.0 0.5	5.37890387 1.57255936
 1.0 0.0 14.0 1	7.05379343 1.37370713E-02
 1.0 0.0 15.0 0.5	5.26185131 1.57255936
 1.0 0.0 15.0 1	5.52021408 1.88707125
 1.0 0.0 16.0 0.5	5.35841179 1.31046605
 1.0 0.0 16.0 1	5.50513124 1.88707125
 1.0 0.0 17.0 0.5	5.33981848 1.88707125
 1.0 0.0 17.0 1	5.56893444 1.57255936
 1.0 0.0 18.0 0.5	5.44447422 1.57255936
 1.0 0.0 18.0 1	5.53983402 1.88707125
 1.0 0.0 19.0 0.5	5.44683218 1.57255936
 1.0 0.0 19.0 1	5.63387108 1.31046605
 1.0 0.0 20.0 0.5	5.55956841 1.57255936
 1.0 0.0 20.0 1	5.52932978 1.57255936
 1.0 0.0 20.0 2	6.92813587 1.37370713E-02
 1.0 0.0 20.0 3	6.60355473 1.37370713E-02
 1.0 0.0 20.0 5	6.49171352 1.37370713E-02
 1.0 0.0 2.0 1	6.48945236 1.37370713E-02
 1.0 0.0 21.0 0.5	5.70052528 1.57255936
 1.0 0.0 22.0 0.5	5.92369986 1.31046605
 1.0 0.0 23.0 0.5	6.05462694 1.57255936
 1.0 0.0 24.0 0.5	6.26000023 1.57255936
 1.0 0.0 25.0 0.5	6.51393747 1.57255936
 1.0 0.0 30.0 1	5.85361528 1.57255936
 1.0 0.0 3.0 1	6.49155283 1.37370713E-02
 1.0 0.0 40.0 1	7.03392410 1.09205496
 1.0 0.0 40.0 2	5.86110926 1.57255936
 1.0 0.0 40.0 3	5.71924162 1.09205496
 1.0 0.0 40.0 5	6.82835817 1.37370713E-02
 1.0 0.0 4.0 1	6.48405218 1.37370713E-02
 1.0 0.0 50.0 1	8.09571362 1.09205496
 1.0 0.0 50.0 2	6.32018423 1.31046605
 1.0 0.0 50.0 3	5.96835089 1.09205496
 1.0 0.0 50.0 5	7.17837572 1.37370713E-02
 1.0 0.0 5.0 1	6.47466993 1.37370713E-02
 1.0 0.0 60.0 1	
 1.0 0.0 60.0 2	6.76764536 0.910045743
 1.0 0.0 60.0 3	6.23731947 0.910045743
 1.0 0.0 60.0 5	5.62908602 1.09205496
 1.0 0.0 6.0 1	6.47718573 1.37370713E-02
 1.0 0.0 7.0 1	6.48127031 1.37370713E-02
 1.0 0.0 8.0 1	6.50163460 1.37370713E-02
 1.0 0.0 9.0 1	6.55269527 1.37370713E-02
 1.2 0.0 20.0 1	5.64947224 1.31046605
 1.2 0.0 20.0 2	6.98936319 1.37370713E-02
 1.2 0.0 20.0 3	6.64178610 1.37370713E-02
 1.2 0.0 20.0 5	6.49810505 1.37370713E-02
 1.2 0.0 30.0 1	5.93128300 1.57255936
 1.2 0.0 40.0 1	7.09768343 1.09205496
 1.2 0.0 40.0 2	5.96916676 1.31046605
 1.2 0.0 40.0 3	5.69202328 1.09205496
 1.2 0.0 40.0 5	6.88979006 1.37370713E-02
 1.2 0.0 50.0 1	
 1.2 0.0 50.0 2	6.44837666 1.09205496
 1.2 0.0 50.0 3	5.97909403 1.09205496
 1.2 0.0 50.0 5	7.24593639 1.37370713E-02
 1.2 0.0 60.0 1	
 1.2 0.0 60.0 2	6.83419037 0.910045743
 1.2 0.0 60.0 3	6.33291101 0.758371413
 1.2 0.0 60.0 5	5.65001631 1.09205496
 1.4 0.0 20.0 1	5.59616518 1.57255936
 1.4 0.0 20.0 2	7.05614090 1.37370713E-02
 1.4 0.0 20.0 3	6.69030905 1.37370713E-02
 1.4 0.0 20.0 5	6.51061058 1.37370713E-02
 1.4 0.0 30.0 1	6.05843830 1.31046605
 1.4 0.0 40.0 1	7.19497156 0.910045743
 1.4 0.0 40.0 2	6.09020376 1.31046605
 1.4 0.0 40.0 3	5.65987825 1.31046605
 1.4 0.0 40.0 5	6.95557547 1.37370713E-02
 1.4 0.0 50.0 1	NaN 2.98598461E-04
 1.4 0.0 50.0 2	6.54683495 0.910045743
 1.4 0.0 50.0 3	5.97703218 1.09205496
 1.4 0.0 50.0 5	5.64808655 1.09205496
 1.4 0.0 60.0 1	
 1.4 0.0 60.0 2	6.86713696 1.09205496
 1.4 0.0 60.0 3	6.33842325 0.910045743
 1.4 0.0 60.0 5	5.64926815 1.31046605
 1.6 0.0 20.0 1	5.60204935 1.57255936
 1.6 0.0 20.0 2	7.12905884 1.37370713E-02
 1.6 0.0 20.0 3	6.74355030 1.37370713E-02
 1.6 0.0 20.0 5	6.54264593 1.37370713E-02
 1.6 0.0 30.0 1	6.08345318 1.31046605
 1.6 0.0 40.0 1	7.18296766 1.09205496
 1.6 0.0 40.0 2	6.10189009 1.31046605
 1.6 0.0 40.0 3	5.57591677 1.88707125
 1.6 0.0 40.0 5	7.01141882 1.37370713E-02
 1.6 0.0 50.0 1	8.28151321 1.09205496
 1.6 0.0 50.0 2	6.59018135 0.910045743
 1.6 0.0 50.0 3	5.94362688 1.09205496
 1.6 0.0 50.0 5	5.64486837 1.09205496
 1.6 0.0 60.0 1	
 1.6 0.0 60.0 2	6.97572041 1.09205496
 1.6 0.0 60.0 3	6.37404776 0.910045743
 1.6 0.0 60.0 5	5.73628664 1.09205496
 1.8 0.0 30.0 1	6.16100407 1.31046605
 2.0 0.0 0.01 1	6.43098831 1.37370713E-02
 2.0 0.0 0.01 2	6.42954683 1.37370713E-02
 2.0 0.0 0.01 3	6.43037558 1.37370713E-02
 2.0 0.0 0.01 5	6.42940331 1.37370713E-02
 2.0 0.0 0.01 7	6.43393469 1.37370713E-02
 2.0 0.0 0.01 9	6.43259954 1.37370713E-02
 2.0 0.0 1.0 1	6.43594265 1.37370713E-02
 2.0 0.0 10 1	6.88602972 1.37370713E-02
 2.0 0.0 1.0 2	6.43462372 1.37370713E-02
 2.0 0.0 10 2	6.61870241 1.37370713E-02
 2.0 0.0 1.0 3	6.43414068 1.37370713E-02
 2.0 0.0 10 3	6.53774309 1.37370713E-02
 2.0 0.0 1.0 5	6.43395662 1.37370713E-02
 2.0 0.0 10 5	6.49629068 1.37370713E-02
 2.0 0.0 1.0 7	6.43316793 1.37370713E-02
 2.0 0.0 10 7	6.48007154 1.37370713E-02
 2.0 0.0 1.0 9	6.43389893 1.37370713E-02
 2.0 0.0 10 9	6.47486115 1.37370713E-02
 2.0 0.0 11.0 0.5	5.59289598 1.57255936
 2.0 0.0 11.0 1	7.00642776 1.37370713E-02
 2.0 0.0 12.0 0.5	5.58353949 1.57255936
 2.0 0.0 12.0 1	7.13643074 1.37370713E-02
 2.0 0.0 13.0 0.5	5.59108543 1.57255936
 2.0 0.0 13.0 1	
 2.0 0.0 14.0 0.5	5.61605883 1.57255936
 2.0 0.0 14.0 1	5.56978941 1.57255936
 2.0 0.0 15.0 0.5	5.61927605 1.57255936
 2.0 0.0 15.0 1	5.58242607 1.57255936
 2.0 0.0 16.0 0.5	5.62454987 1.57255936
 2.0 0.0 16.0 1	5.55336809 1.88707125
 2.0 0.0 17.0 0.5	5.65382671 1.57255936
 2.0 0.0 17.0 1	5.56353569 1.88707125
 2.0 0.0 18.0 0.5	5.70909691 1.57255936
 2.0 0.0 18.0 1	5.60859203 1.57255936
 2.0 0.0 19.0 0.5	5.76214647 1.57255936
 2.0 0.0 20.0 0.5	5.87604666 1.57255936
 2.0 0.0 2.0 1	6.45959520 1.37370713E-02
 2.0 0.0 20 1	5.58376789 1.57255936
 2.0 0.0 2.0 2	6.44212246 1.37370713E-02
 2.0 0.0 20 2	7.29333067 1.37370713E-02
 2.0 0.0 2.0 3	6.43923950 1.37370713E-02
 2.0 0.0 20 3	6.86245823 1.37370713E-02
 2.0 0.0 2.0 5	6.43245029 1.37370713E-02
 2.0 0.0 20 5	6.60837078 1.37370713E-02
 2.0 0.0 2.0 7	6.43730450 1.37370713E-02
 2.0 0.0 20 7	6.53367758 1.37370713E-02
 2.0 0.0 2.0 9	6.43525124 1.37370713E-02
 2.0 0.0 20 9	6.51281166 1.37370713E-02
 2.0 0.0 21.0 0.5	5.95113182 1.57255936
 2.0 0.0 22.0 0.5	6.15000677 1.57255936
 2.0 0.0 23.0 0.5	6.34693718 1.57255936
 2.0 0.0 24.0 0.5	6.59110117 1.57255936
 2.0 0.0 30 1	6.26463509 1.31046605
 2.0 0.0 30 2	5.62045002 1.88707125
 2.0 0.0 30 3	5.65598917 1.31046605
 2.0 0.0 30 5	6.83415222 1.37370713E-02
 2.0 0.0 30 7	6.64762783 1.37370713E-02
 2.0 0.0 30 9	6.57679367 1.37370713E-02
 2.0 0.0 4.0 1	6.51291323 1.37370713E-02
 2.0 0.0 40 1	7.30038023 1.09205496
 2.0 0.0 4.0 2	6.48324347 1.37370713E-02
 2.0 0.0 40 2	6.16781902 1.09205496
 2.0 0.0 4.0 3	6.46348143 1.37370713E-02
 2.0 0.0 40 3	5.78863764 1.09205496
 2.0 0.0 4.0 5	6.44985533 1.37370713E-02
 2.0 0.0 40 5	7.16083050 1.37370713E-02
 2.0 0.0 4.0 7	6.43908644 1.37370713E-02
 2.0 0.0 40 7	6.80439949 1.37370713E-02
 2.0 0.0 4.0 9	6.43729877 1.37370713E-02
 2.0 0.0 40 9	6.65629578 1.37370713E-02
 2.0 0.0 50 1	NaN 2.98598461E-04
 2.0 0.0 50 2	6.66271687 0.758371413
 2.0 0.0 50 3	6.01165581 1.09205496
 2.0 0.0 50 5	5.72990322 1.09205496
 2.0 0.0 50 7	7.02911615 1.37370713E-02
 2.0 0.0 50 9	6.77873087 1.37370713E-02
 2.0 0.0 6.0 1	6.58758020 1.37370713E-02
 2.0 0.0 60 1	
 2.0 0.0 6.0 2	6.52304363 1.37370713E-02
 2.0 0.0 60 2	7.16562128 0.758371413
 2.0 0.0 6.0 3	6.48381424 1.37370713E-02
 2.0 0.0 60 3	6.49158382 0.910045743
 2.0 0.0 6.0 5	6.46959925 1.37370713E-02
 2.0 0.0 60 5	5.77929640 1.09205496
 2.0 0.0 6.0 7	6.45357752 1.37370713E-02
 2.0 0.0 60 7	7.27078533 1.37370713E-02
 2.0 0.0 6.0 9	6.44726372 1.37370713E-02
 2.0 0.0 60 9	6.94296885 1.37370713E-02
 2.0 0.0 8.0 1	6.70731449 1.37370713E-02
 2.0 0.0 8.0 2	6.55157185 1.37370713E-02
 2.0 0.0 8.0 3	6.52583170 1.37370713E-02
 2.0 0.0 8.0 5	6.48510075 1.37370713E-02
 2.0 0.0 8.0 7	6.47039890 1.37370713E-02
 2.0 0.0 8.0 9	6.45317125 1.37370713E-02
 2.2 0.0 20.0 1	5.65968180 1.57255936
 2.2 0.0 20.0 2	5.66211891 1.31046605
 2.2 0.0 20.0 3	6.93937635 1.37370713E-02
 2.2 0.0 20.0 5	6.65150023 1.37370713E-02
 2.2 0.0 30.0 1	6.31777763 1.31046605
 2.2 0.0 40.0 1	7.42093277 0.910045743
 2.2 0.0 40.0 2	6.25517178 1.09205496
 2.2 0.0 40.0 3	5.75897408 1.57255936
 2.2 0.0 40.0 5	7.22484255 1.37370713E-02
 2.2 0.0 50.0 1	
 2.2 0.0 50.0 2	6.71590424 0.758371413
 2.2 0.0 50.0 3	6.04405260 1.09205496
 2.2 0.0 50.0 5	5.71577644 1.31046605
 2.2 0.0 60.0 1	
 2.2 0.0 60.0 2	7.19742918 0.758371413
 2.2 0.0 60.0 3	6.57813025 0.758371413
 2.2 0.0 60.0 5	5.79950809 1.09205496
 2.4 0.0 20.0 1	
 2.4 0.0 20.0 2	5.69648266 1.31046605
 2.4 0.0 20.0 3	7.00516558 1.37370713E-02
 2.4 0.0 20.0 5	6.70463848 1.37370713E-02
 2.4 0.0 30.0 1	6.42475557 1.09205496
 2.4 0.0 40.0 1	7.37074852 1.31046605
 2.4 0.0 40.0 2	6.27408981 1.31046605
 2.4 0.0 40.0 3	5.83729315 1.31046605
 2.4 0.0 40.0 5	7.29733133 1.37370713E-02
 2.4 0.0 50.0 1	
 2.4 0.0 50.0 2	6.70781898 0.910045743
 2.4 0.0 50.0 3	6.13802624 0.910045743
 2.4 0.0 50.0 5	5.75310326 1.09205496
 2.4 0.0 60.0 1	
 2.4 0.0 60.0 2	7.24633551 0.758371413
 2.4 0.0 60.0 3	6.59824562 0.758371413
 2.4 0.0 60.0 5	5.83187532 1.09205496
 2.6 0.0 20.0 1	5.77090788 1.57255936
 2.6 0.0 20.0 2	5.73602629 1.09205496
 2.6 0.0 20.0 3	7.07836914 1.37370713E-02
 2.6 0.0 20.0 5	6.76341867 1.37370713E-02
 2.6 0.0 30.0 1	6.42423010 1.31046605
 2.6 0.0 40.0 1	
 2.6 0.0 40.0 2	6.39510679 1.09205496
 2.6 0.0 40.0 3	5.89383316 1.09205496
 2.6 0.0 40.0 5	7.37808228 1.37370713E-02
 2.6 0.0 50.0 1	
 2.6 0.0 50.0 2	6.72578955 0.910045743
 2.6 0.0 50.0 3	6.16990232 0.910045743
 2.6 0.0 50.0 5	5.71813393 1.31046605
 2.6 0.0 60.0 1	
 2.6 0.0 60.0 2	7.31729317 0.758371413
 2.6 0.0 60.0 3	
 2.6 0.0 60.0 5	5.86528349 1.09205496
 2.8 0.0 20.0 1	5.78023624 1.57255936
 2.8 0.0 20.0 2	5.73019409 1.09205496
 2.8 0.0 20.0 3	7.15666437 1.37370713E-02
 2.8 0.0 20.0 5	6.82311153 1.37370713E-02
 2.8 0.0 30.0 1	6.44732046 1.31046605
 2.8 0.0 40.0 1	7.53144360 0.910045743
 2.8 0.0 40.0 2	6.38138676 1.31046605
 2.8 0.0 40.0 3	5.86120272 1.31046605
 2.8 0.0 40.0 5	5.61922646 1.31046605
 2.8 0.0 50.0 1	NaN 2.98598461E-04
 2.8 0.0 50.0 2	6.75975609 0.910045743
 2.8 0.0 50.0 3	6.20098972 0.910045743
 2.8 0.0 50.0 5	5.76809168 1.31046605
 2.8 0.0 60.0 1	
 2.8 0.0 60.0 2	7.29894447 0.910045743
 2.8 0.0 60.0 3	6.71003819 0.758371413
 2.8 0.0 60.0 5	5.92300892 1.09205496
 3.0 0.0 20.0 1	5.83398819 1.57255936
 3.0 0.0 20.0 2	5.67637634 1.31046605
 3.0 0.0 20.0 3	7.23827839 1.37370713E-02
 3.0 0.0 20.0 5	6.90432835 1.37370713E-02
 3.0 0.0 30.0 1	6.49174881 1.31046605
 3.0 0.0 40.0 1	7.53729725 1.09205496
 3.0 0.0 40.0 2	6.46278095 1.09205496
 3.0 0.0 40.0 3	5.93380356 1.09205496
 3.0 0.0 40.0 5	5.67723894 1.31046605
 3.0 0.0 50.0 1	NaN 2.98598461E-04
 3.0 0.0 50.0 2	6.80126381 0.910045743
 3.0 0.0 50.0 3	6.19899702 1.09205496
 3.0 0.0 50.0 5	5.89569712 1.09205496
 3.0 0.0 60.0 1	
 3.0 0.0 60.0 2	7.39926195 0.758371413
 3.0 0.0 60.0 3	6.74286318 0.758371413
