 1.2 0.0 10 2	0.350926727 0.304772407
 1.2 0.0 20 2	0.217605785 0.176372901
 1.2 0.0 30 2	0.180331677 0.211647496
 1.2 0.0 40 2	0.145351216 0.365726888
 1.2 0.0 50 2	0.173656926 0.438872278
 1.2 0.0 5 2	0.534235954 1.09205496
 1.2 0.0 60 2	0.166247636 0.631976128
 1.4 0.0 10 2	0.289862573 0.304772407
 1.4 0.0 20 2	0.200818554 0.176372901
 1.4 0.0 30 2	0.187682346 0.211647496
 1.4 0.0 40 2	0.144351706 0.365726888
 1.4 0.0 50 2	0.178011775 0.438872278
 1.4 0.0 5 2	0.329647809 0.631976128
 1.4 0.0 60 2	0.160650551 0.631976128
 1.5 0.0 10 2	0.222392991 0.365726888
 1.5 0.0 10 3	0.284245044 0.365726888
 1.5 0.0 10 4	0.297900766 0.365726888
 1.5 0.0 20 2	0.193213791 0.176372901
 1.5 0.0 20 3	0.191737607 0.211647496
 1.5 0.0 20 4	0.206665277 0.211647496
 1.5 0.0 30 2	0.181439102 0.211647496
 1.5 0.0 30 3	0.166201144 0.211647496
 1.5 0.0 30 4	0.165512562 0.211647496
 1.5 0.0 40 2	0.147882953 0.365726888
 1.5 0.0 40 3	0.151149437 0.304772407
 1.5 0.0 40 4	0.166951254 0.253977001
 1.5 0.0 50 2	0.170443505 0.438872278
 1.5 0.0 50 3	0.177736148 0.365726888
 1.5 0.0 50 4	0.183950201 0.304772407
 1.5 0.0 5 2	0.326309860 0.526646733
 1.5 0.0 5 3	0.354126275 0.526646733
 1.5 0.0 5 4	0.350977272 0.631976128
 1.5 0.0 60 2	0.162474424 0.631976128
 1.5 0.0 60 3	0.150858998 0.526646733
 1.5 0.0 60 4	0.188339174 0.365726888
 1.6 0.0 10 2	0.233240589 0.304772407
 1.6 0.0 20 2	0.197717279 0.176372901
 1.6 0.0 30 2	0.148863718 0.253977001
 1.6 0.0 40 2	0.150332063 0.365726888
 1.6 0.0 50 2	0.169427052 0.438872278
 1.6 0.0 5 2	0.322496444 0.438872278
 1.6 0.0 60 2	0.162759393 0.631976128
 1.7 0.0 50 2	0.174563825 0.438872278
 1.8 0.0 10 2	0.197593883 0.304772407
 1.8 0.0 20 2	
 1.8 0.0 30 2	0.151987806 0.253977001
 1.8 0.0 40 2	0.144749820 0.365726888
 1.8 0.0 5 2	0.367258877 0.304772407
 1.8 0.0 60 2	
 1 0.0 10 2	0.354379475 0.365726888
 1 0.0 20 2	0.213614568 0.176372901
 1 0.0 30 2	0.177597985 0.211647496
 1 0.0 40 2	0.179977104 0.304772407
 1 0.0 50 2	0.173737839 0.438872278
 1 0.0 5 2	1.57703912 1.09205496
 1 0.0 60 2	0.162523031 0.631976128
 2.0 0.0 0.01 1	0.357632905 0.304772407
 2.0 0.0 100 1	
 2.0 0.0 1.0 1	0.359037012 0.304772407
 2.0 0.0 10 1	0.186107457 0.253977001
 2.0 0.0 10 2	0.171302214 0.304772407
 2.0 0.0 10 3	0.208090872 0.304772407
 2.0 0.0 10 4	0.223935977 0.304772407
 2.0 0.0 2.0 1	0.350064427 0.304772407
 2.0 0.0 20 1	0.190048680 0.176372901
 2.0 0.0 20 2	0.192551300 0.176372901
 2.0 0.0 20 3	0.211942896 0.176372901
 2.0 0.0 20 4	0.191989467 0.211647496
 2.0 0.0 30 1	0.178767115 0.253977001
 2.0 0.0 30 2	0.187392756 0.211647496
 2.0 0.0 30 3	0.170016482 0.211647496
 2.0 0.0 30 4	0.181189284 0.211647496
 2.0 0.0 4.0 1	0.348033220 0.304772407
 2.0 0.0 40 1	0.152870804 0.438872278
 2.0 0.0 40 2	0.151331127 0.365726888
 2.0 0.0 40 3	0.157795906 0.304772407
 2.0 0.0 40 4	0.174201787 0.253977001
 2.0 0.0 50 1	0.193391025 0.910045743
 2.0 0.0 50 2	0.177639887 0.438872278
 2.0 0.0 50 3	0.180675015 0.365726888
 2.0 0.0 50 4	0.186971322 0.304772407
 2.0 0.0 5 2	0.361140877 0.253977001
 2.0 0.0 5 3	0.334166318 0.304772407
 2.0 0.0 5 4	0.341893107 0.304772407
 2.0 0.0 6.0 1	0.332907200 0.253977001
 2.0 0.0 60 1	
 2.0 0.0 60 2	0.169444650 0.631976128
 2.0 0.0 60 3	
 2.0 0.0 60 4	0.150713697 0.438872278
 2.0 0.0 70 1	
 2.0 0.0 8.0 1	0.207644925 0.304772407
 2.0 0.0 80 1	
 2.0 0.0 90 1	
 2.4 0.0 10 2	0.182842612 0.253977001
 2.4 0.0 20 2	0.193954363 0.176372901
 2.4 0.0 30 2	0.163839132 0.253977001
 2.4 0.0 40 2	0.163204804 0.365726888
 2.4 0.0 50 2	0.143320635 0.526646733
 2.4 0.0 5 2	0.197577983 0.365726888
 2.4 0.0 60 2	0.179761901 0.631976128
 2 0.0 0.5 0.1	0.357692629 0.304772407
 2 0.0 0.5 0.2	0.354935884 0.304772407
 2 0.0 0.5 0.3	0.363917381 0.304772407
 2 0.0 0.5 0.5	0.365660936 0.304772407
 2 0.0 0.5 0.8	0.362451851 0.304772407
 2 0.0 0.5 1	0.360619068 0.304772407
 2 0.0 10 0.1	0.220188588 0.146977410
 2 0.0 10 0.2	0.209384292 0.211647496
 2 0.0 10 0.3	0.179052353 0.211647496
 2 0.0 10 0.5	0.213708580 0.211647496
 2 0.0 10 0.8	0.189480558 0.253977001
 2 0.0 20 0.1	0.159845546 0.211647496
 2 0.0 20 0.2	0.182564676 0.176372901
 2 0.0 20 0.3	0.145725772 0.176372901
 2 0.0 20 0.5	0.164384022 0.176372901
 2 0.0 20 0.8	0.163832784 0.176372901
 2 0.0 2 0.1	0.359696567 0.304772407
 2 0.0 2 0.2	0.359604359 0.304772407
 2 0.0 2 0.3	0.356638223 0.304772407
 2 0.0 2 0.5	0.356578559 0.304772407
 2 0.0 2 0.8	0.355146289 0.304772407
 2 0.0 2 1	0.350064427 0.304772407
 2 0.0 30 0.1	0.456887126 1.88707125
 2 0.0 30 0.2	0.187560111 1.31046605
 2 0.0 30 0.3	0.173124388 0.758371413
 2 0.0 30 0.5	0.153838903 0.304772407
 2 0.0 30 0.8	0.179504901 0.253977001
 2 0.0 40 0.1	12.6226997 1.57255936
 2 0.0 40 0.2	7.27701426 1.57255936
 2 0.0 40 0.3	3.48483801 1.57255936
 2 0.0 40 0.5	0.306629330 1.88707125
 2 0.0 40 0.8	0.187020466 0.526646733
 2 0.0 50 0.2	
 2 0.0 50 0.3	
 2 0.0 50 0.5	
 2 0.0 50 0.8	0.363854349 2.71738291
 2 0.0 5 0.1	0.321207047 0.304772407
 2 0.0 5 0.2	0.364083081 0.253977001
 2 0.0 5 0.3	0.337586939 0.304772407
 2 0.0 5 0.5	0.364872515 0.253977001
 2 0.0 5 0.8	0.366444468 0.253977001
 2 0.0 60 0.1	
 2 0.0 60 0.2	
 2 0.0 60 0.3	
 2 0.0 60 0.5	
 2 0.0 60 0.8	
