 1.0 0.0 0.5 0.1	2.53593183 0.438872278
 1.0 0.0 0.5 0.5	2.54163003 0.438872278
 1.0 0.0 0.5 1	2.54343748 0.438872278
 1.0 0.0 0.5 2	2.54747224 0.438872278
 1.0 0.0 0.5 3	2.54908013 0.438872278
 1.0 0.0 0.5 5	2.54871082 0.438872278
 1.0 0.0 10 0.1	0.465137035 1.37370713E-02
 1.0 0.0 10 0.5	0.563608408 1.37370713E-02
 1.0 0.0 10 1	0.509066045 3.41822393E-02
 1.0 0.0 10 2	0.418207973 0.122481175
 1.0 0.0 10 3	0.432337046 0.253977001
 1.0 0.0 10 5	0.529064119 0.910045743
 1.0 0.0 15 0.1	0.187498629 4.92224284E-02
 1.0 0.0 15 0.5	0.316078454 2.84851976E-02
 1.0 0.0 15 1	0.288153052 1.97813846E-02
 1.0 0.0 15 2	0.329874605 1.37370713E-02
 1.0 0.0 15 3	0.411862165 2.84851976E-02
 1.0 0.0 15 5	0.331521541 0.122481175
 1.0 0.0 20 0.1	0.165316448 0.102067642
 1.0 0.0 20 0.5	0.177947700 8.50563645E-02
 1.0 0.0 20 1	
 1.0 0.0 20 2	0.331202120 1.97813846E-02
 1.0 0.0 20 3	0.227180123 1.37370713E-02
 1.0 0.0 20 5	0.337496459 2.84851976E-02
 1.0 0.0 30 0.1	0.198286965 0.438872278
 1.0 0.0 30 0.5	0.176128238 0.176372901
 1.0 0.0 30 1	0.168974414 0.176372901
 1.0 0.0 30 2	0.207124382 0.146977410
 1.0 0.0 30 3	0.288487971 7.08803013E-02
 1.0 0.0 30 5	0.364135206 1.64844859E-02
 1.0 0.0 40 0.1	3.29680753 3.26085973
 1.0 0.0 40 0.5	0.145555019 0.365726888
 1.0 0.0 40 1	0.157698929 0.304772407
 1.0 0.0 40 2	0.189769641 0.253977001
 1.0 0.0 40 3	0.214212373 0.211647496
 1.0 0.0 40 5	0.299561530 8.50563645E-02
 1.0 0.0 50 0.1	11.5731411 2.26448560
 1.0 0.0 50 0.5	0.146740004 0.758371413
 1.0 0.0 50 1	0.188787133 0.365726888
 1.0 0.0 50 2	0.171587214 0.365726888
 1.0 0.0 50 3	0.162436485 0.365726888
 1.0 0.0 50 5	0.219683275 0.211647496
 1.0 0.0 5 0.1	0.780611694 0.910045743
 1.0 0.0 5 0.5	1.33437192 0.631976128
 1.0 0.0 5 1	1.67138219 0.526646733
 1.0 0.0 5 2	1.99210882 0.438872278
 1.0 0.0 5 3	2.22122836 0.304772407
 1.0 0.0 5 5	2.32051015 0.365726888
 1.0 0.0 60 0.1	
 1.0 0.0 60 0.5	
 1.0 0.0 60 1	0.175009638 0.526646733
 1.0 0.0 60 2	0.182774112 0.438872278
 1.0 0.0 60 3	0.169126123 0.438872278
 1.0 0.0 60 5	0.203034058 0.304772407
 1.5 0.0 0.5 0.1	0.974280715 0.526646733
 1.5 0.0 0.5 0.5	0.981047928 0.526646733
 1.5 0.0 0.5 1	0.985412955 0.526646733
 1.5 0.0 0.5 2	0.976055682 0.526646733
 1.5 0.0 0.5 3	0.997244477 0.526646733
 1.5 0.0 0.5 5	0.970324278 0.526646733
 1.5 0.0 10 0.1	0.322382301 1.64844859E-02
 1.5 0.0 10 0.5	0.361049950 1.37370713E-02
 1.5 0.0 10 1	0.401667058 1.37370713E-02
 1.5 0.0 10 2	0.480079979 2.84851976E-02
 1.5 0.0 10 3	0.444473386 5.90669177E-02
 1.5 0.0 10 5	0.426844656 0.122481175
 1.5 0.0 15 0.1	0.202120259 4.92224284E-02
 1.5 0.0 15 0.5	0.294481069 3.41822393E-02
 1.5 0.0 15 1	0.313827097 1.97813846E-02
 1.5 0.0 15 2	0.236055091 1.37370713E-02
 1.5 0.0 15 3	0.307392359 1.37370713E-02
 1.5 0.0 15 5	0.394038379 3.41822393E-02
 1.5 0.0 20 0.1	0.134629384 0.122481175
 1.5 0.0 20 0.5	0.192317948 8.50563645E-02
 1.5 0.0 20 1	0.237560093 7.08803013E-02
 1.5 0.0 20 2	0.309063077 2.84851976E-02
 1.5 0.0 20 3	0.273022711 1.37370713E-02
 1.5 0.0 20 5	0.296463728 1.37370713E-02
 1.5 0.0 30 0.1	0.158500850 0.526646733
 1.5 0.0 30 0.5	0.186002925 0.176372901
 1.5 0.0 30 1	0.189393327 0.176372901
 1.5 0.0 30 2	0.215213880 0.146977410
 1.5 0.0 30 3	0.271527618 8.50563645E-02
 1.5 0.0 30 5	0.375838488 2.37376634E-02
 1.5 0.0 40 0.1	
 1.5 0.0 40 0.5	
 1.5 0.0 40 3	
 1.5 0.0 40 5	0.293911070 0.102067642
 1.5 0.0 50 0.1	
 1.5 0.0 50 0.5	NaN 2.07360019E-04
 1.5 0.0 50 1	0.192719370 0.365726888
 1.5 0.0 50 5	0.224428326 0.211647496
 1.5 0.0 5 0.1	0.452430695 0.102067642
 1.5 0.0 5 0.5	0.430216253 0.146977410
 1.5 0.0 5 1	0.455119401 0.176372901
 1.5 0.0 5 2	0.444524735 0.253977001
 1.5 0.0 5 3	0.454937011 0.365726888
 1.5 0.0 5 5	0.501209378 0.526646733
 1.5 0.0 60 0.1	
 1.5 0.0 60 0.5	
 1.5 0.0 60 2	
 1.5 0.0 60 3	
 1.5 0.0 60 5	
 2.0 0.0 0.01 2	0.468713492 8.50563645E-02
 2.0 0.0 0.01 4	0.474703908 8.50563645E-02
 2.0 0.0 0.5 0.1	
 2.0 0.0 0.5 0.5	
 2.0 0.0 0.5 1	0.457675517 8.50563645E-02
 2.0 0.0 100 3	
 2.0 0.0 100 4	NaN 2.98598461E-04
 2.0 0.0 10 1	
 2.0 0.0 1.0 2	0.467340767 8.50563645E-02
 2.0 0.0 10 2	0.340093672 1.37370713E-02
 2.0 0.0 1.0 4	0.474243164 8.50563645E-02
 2.0 0.0 10 4	0.488529146 1.97813846E-02
 2.0 0.0 110 3	
 2.0 0.0 110 4	
 2.0 0.0 120 3	
 2.0 0.0 120 4	
 2.0 0.0 150 3	
 2.0 0.0 150 4	
 2.0 0.0 15 5	
 2.0 0.0 200 3	
 2.0 0.0 200 4	
 2.0 0.0 2.0 2	0.440658391 8.50563645E-02
 2.0 0.0 20 2	0.341791779 3.41822393E-02
 2.0 0.0 2.0 4	0.460861892 8.50563645E-02
 2.0 0.0 20 4	0.267460287 1.37370713E-02
 2.0 0.0 300 3	
 2.0 0.0 300 4	
 2.0 0.0 30 2	0.228578314 0.146977410
 2.0 0.0 30 4	0.321127236 5.90669177E-02
 2.0 0.0 40 0.1	
 2.0 0.0 4.0 2	0.466974318 5.90669177E-02
 2.0 0.0 40 2	0.164302006 0.304772407
 2.0 0.0 4.0 4	0.461670399 7.08803013E-02
 2.0 0.0 40 4	0.227780610 0.176372901
 2.0 0.0 50 3	0.166794792 0.365726888
 2.0 0.0 50 4	0.178826064 0.304772407
 2.0 0.0 5 1	
 2.0 0.0 5 2	
 2.0 0.0 5 5	
 2.0 0.0 6.0 2	0.483015895 3.41822393E-02
 2.0 0.0 60 3	
 2.0 0.0 6.0 4	0.492474586 4.92224284E-02
 2.0 0.0 60 4	0.194330126 0.365726888
 2.0 0.0 70 3	0.170356080 0.526646733
 2.0 0.0 70 4	0.198007077 0.438872278
 2.0 0.0 8.0 2	0.434385419 1.97813846E-02
 2.0 0.0 80 3	0.162350625 0.631976128
 2.0 0.0 8.0 4	0.495398343 3.41822393E-02
 2.0 0.0 80 4	0.178468630 0.526646733
 2.0 0.0 90 3	
 2.0 0.0 90 4	0.164859027 0.631976128
