 2.0 0.0 0.01 1	1.14947438 1.37370713E-02
 2.0 0.0 0.01 2	1.15309298 1.37370713E-02
 2.0 0.0 0.01 3	1.14471209 1.37370713E-02
 2.0 0.0 0.01 5	1.14577651 1.37370713E-02
 2.0 0.0 0.01 7	1.14864743 1.37370713E-02
 2.0 0.0 0.01 9	1.15109587 1.37370713E-02
 2.0 0.0 1.0 1	1.15727019 1.37370713E-02
 2.0 0.0 10 1	1.19142008 0.211647496
 2.0 0.0 1.0 2	1.15408552 1.37370713E-02
 2.0 0.0 10 2	1.38819325 7.08803013E-02
 2.0 0.0 1.0 3	1.15287256 1.37370713E-02
 2.0 0.0 10 3	1.51804221 2.37376634E-02
 2.0 0.0 1.0 5	1.14648855 1.37370713E-02
 2.0 0.0 10 5	1.38128924 1.37370713E-02
 2.0 0.0 1.0 7	1.15161669 1.37370713E-02
 2.0 0.0 10 7	1.27294469 1.37370713E-02
 2.0 0.0 1.0 9	1.14377964 1.37370713E-02
 2.0 0.0 10 9	1.21707642 1.37370713E-02
 2.0 0.0 2.0 1	1.17046058 1.37370713E-02
 2.0 0.0 20 1	0.790175200 0.758371413
 2.0 0.0 2.0 2	1.15929234 1.37370713E-02
 2.0 0.0 20 2	1.01137614 0.526646733
 2.0 0.0 2.0 3	1.15836465 1.37370713E-02
 2.0 0.0 20 3	1.15858305 0.304772407
 2.0 0.0 2.0 5	1.15746379 1.37370713E-02
 2.0 0.0 20 5	1.39408720 8.50563645E-02
 2.0 0.0 2.0 7	1.15582645 1.37370713E-02
 2.0 0.0 20 7	1.57184696 2.37376634E-02
 2.0 0.0 2.0 9	1.14616311 1.37370713E-02
 2.0 0.0 20 9	1.51357090 1.37370713E-02
 2.0 0.0 30 1	0.673552573 1.57255936
 2.0 0.0 30 2	0.805163383 0.910045743
 2.0 0.0 30 3	0.929184496 0.758371413
 2.0 0.0 30 5	1.21821833 0.253977001
 2.0 0.0 30 7	1.39122713 0.102067642
 2.0 0.0 30 9	1.46672571 4.92224284E-02
 2.0 0.0 4.0 1	1.29263973 1.37370713E-02
 2.0 0.0 40 1	0.850507677 2.71738291
 2.0 0.0 4.0 2	1.21786153 1.37370713E-02
 2.0 0.0 40 2	0.759795308 1.09205496
 2.0 0.0 4.0 3	1.18246043 1.37370713E-02
 2.0 0.0 40 3	0.808004260 1.09205496
 2.0 0.0 4.0 5	1.16631448 1.37370713E-02
 2.0 0.0 40 5	
 2.0 0.0 4.0 7	1.16104293 1.37370713E-02
 2.0 0.0 40 7	1.26607430 0.211647496
 2.0 0.0 4.0 9	1.15396678 1.37370713E-02
 2.0 0.0 40 9	1.39467239 0.102067642
 2.0 0.0 50 1	1.90052998 6.76171970
 2.0 0.0 50 2	0.718694389 1.31046605
 2.0 0.0 50 3	0.795562148 1.09205496
 2.0 0.0 50 5	0.961503565 0.758371413
 2.0 0.0 50 7	1.14038777 0.365726888
 2.0 0.0 50 9	1.29685473 0.176372901
 2.0 0.0 6.0 1	1.52891397 1.97813846E-02
 2.0 0.0 60 1	4.26268482 4.69563818
 2.0 0.0 6.0 2	1.37193334 1.37370713E-02
 2.0 0.0 60 2	0.794175565 1.57255936
 2.0 0.0 6.0 3	1.27360713 1.37370713E-02
 2.0 0.0 60 3	0.823740363 1.09205496
 2.0 0.0 6.0 5	1.20237279 1.37370713E-02
 2.0 0.0 60 5	0.913993657 0.910045743
 2.0 0.0 6.0 7	1.17969716 1.37370713E-02
 2.0 0.0 60 7	
 2.0 0.0 6.0 9	1.16682851 1.37370713E-02
 2.0 0.0 60 9	1.18537664 0.304772407
 2.0 0.0 8.0 1	1.34221697 8.50563645E-02
 2.0 0.0 8.0 2	1.51527476 2.37376634E-02
 2.0 0.0 8.0 3	1.44331658 1.37370713E-02
 2.0 0.0 8.0 5	1.27014685 1.37370713E-02
 2.0 0.0 8.0 7	1.21197498 1.37370713E-02
 2.0 0.0 8.0 9	1.18484402 1.37370713E-02
