# R(") nu(R)(star/"^3)
-2.999999999999999889e-01 4.907581319052374824e-01 2.439875528094092860e-01
-2.839195979899497568e-01 4.528772839471084666e-01 2.029620755636024343e-01
-2.678391959798994693e-01 4.175896940222311171e-01 1.654694558895860312e-01
-2.517587939698492372e-01 3.847407906434416325e-01 1.312610825582864460e-01
-2.356783919597990051e-01 3.541849920359005921e-01 1.001058488695149712e-01
-2.195979899497487453e-01 3.257852087801400010e-01 7.178901487548314253e-02
-2.035175879396984855e-01 2.994123743407474669e-01 4.611114237891440759e-02
-1.874371859296482534e-01 2.749450021257709986e-01 2.288709879789995252e-02
-1.713567839195979936e-01 2.522687678009241097e-01 1.945126253466390818e-03
-1.552763819095477338e-01 2.312761156819431174e-01 -1.687402748296887300e-02
-1.391959798994975017e-01 2.118658881091845525e-01 -3.371791928400098143e-02
-1.231155778894472419e-01 1.939429768081366301e-01 -4.872316501515127490e-02
-1.070351758793969821e-01 1.774179953308423485e-01 -6.201614047183241080e-02
-9.095477386934675001e-02 1.622069717785133702e-01 -7.371363112558726449e-02
-7.487437185929649019e-02 1.482310611146366863e-01 -8.392343257188680794e-02
-5.879396984924625813e-02 1.354162765045072436e-01 -9.274490320317603509e-02
-4.271356783919599831e-02 1.236932392561571059e-01 -1.002694702077163019e-01
-2.663316582914576625e-02 1.129969471088644872e-01 -1.065810894953379412e-01
-1.055276381909547867e-02 1.032665608146465935e-01 -1.117566595535976065e-01
5.527638190954753394e-03 9.444520921207105735e-02 -1.158663884842522362e-01
2.160804020100498546e-02 8.647981331238083214e-02 -1.189741125137251804e-01
3.768844221105527303e-02 7.932093033700618467e-02 -1.211375630173517487e-01
5.376884422110550510e-02 7.292261920934665909e-02 -1.224085774076138222e-01
6.984924623115573716e-02 6.724232977293942426e-02 -1.228332469239658831e-01
8.592964824120602474e-02 6.224081909079644259e-02 -1.224519910977796555e-01
1.020100502512562568e-01 5.788209973531405206e-02 -1.212995439690634225e-01
1.180904522613064889e-01 5.413342726955261419e-02 -1.194048301874315737e-01
1.341708542713567209e-01 5.096533759301612176e-02 -1.167906985937654241e-01
1.502512562814070085e-01 4.835175024231564561e-02 -1.134734644041757445e-01
1.663316582914572406e-01 4.627016248341167537e-02 -1.094621844878247846e-01
1.824120603015074726e-01 4.470197370756049532e-02 -1.047575455052441595e-01
1.984924623115577602e-01 4.363300541044596442e-02 -9.935016610451523345e-02
2.145728643216079923e-01 4.305432979159457690e-02 -9.321796874404472688e-02
2.306532663316582243e-01 4.296361458915948922e-02 -8.632198845850466706e-02
2.467336683417084564e-01 4.336739531884287180e-02 -7.859936611901735537e-02
2.628140703517586885e-01 4.428517451923847520e-02 -6.995078893242832885e-02
2.788944723618090316e-01 4.575760914489501729e-02 -6.021551086046963291e-02
2.949748743718592636e-01 4.786580276081123242e-02 -4.911270044938906287e-02
3.110552763819094957e-01 5.079366047896297781e-02 -3.605268607592939517e-02
3.271356783919597278e-01 5.529040360442524782e-02 -1.869665293580887247e-02
3.432160804020099598e-01 6.036274182601595456e-02 1.377067492597637425e-04
3.592964824120601919e-01 6.492702937464832347e-02 1.706027905309952936e-02
3.753768844221105350e-01 6.901596256603512169e-02 3.209959279174369462e-02
3.914572864321607670e-01 7.266276117589479111e-02 4.528789317799500336e-02
4.075376884422109991e-01 7.590181725605606167e-02 5.665901106718426034e-02
4.236180904522612312e-01 7.876975579499800872e-02 6.624562603730854704e-02
4.396984924623114632e-01 8.130727942806452446e-02 7.407530784112263678e-02
4.557788944723616953e-01 8.356266612689527973e-02 8.016391528074275075e-02
4.718592964824120384e-01 8.559930520032349444e-02 8.450247287309455013e-02
4.879396984924622704e-01 8.751578605601917360e-02 8.702369587851288557e-02
5.040201005025124470e-01 8.953244280972957880e-02 8.746041806547552588e-02
5.201005025125626791e-01 9.213178504279564973e-02 8.507778186995683389e-02
5.361809045226129111e-01 9.398777803277964804e-02 8.215925182889291523e-02
5.522613065326631432e-01 9.495405359397351974e-02 7.901860254712446407e-02
5.683417085427133753e-01 9.505735894548465736e-02 7.565613468700045641e-02
5.844221105527638294e-01 9.431655391875259919e-02 7.206628190182176597e-02
6.005025125628140614e-01 9.273894154903225551e-02 6.823506521847078066e-02
6.165829145728642935e-01 9.031380725560550493e-02 6.413552700246336058e-02
6.326633165829145256e-01 8.699973573421292128e-02 5.971867982537124725e-02
6.487437185929647576e-01 8.269540300843611358e-02 5.489257628370244196e-02
6.648241206030149897e-01 7.715042488749995764e-02 4.945837517678969286e-02
6.809045226130652217e-01 6.927767332505375963e-02 4.260934225381401291e-02
6.969849246231154538e-01 5.989355430880845960e-02 3.485431484870307739e-02
7.130653266331656859e-01 5.188672476178364523e-02 2.830066290051341457e-02
7.291457286432159179e-01 4.518718113951298437e-02 2.288621076143941210e-02
7.452261306532661500e-01 3.975177706350749296e-02 1.857235434967611024e-02
7.613065326633163821e-01 3.557442426037953076e-02 1.535222095357942872e-02
7.773869346733666141e-01 3.271008070374794435e-02 1.326981018527553964e-02
7.934673366834168462e-01 3.134578402128510716e-02 1.247628882260607558e-02
8.095477386934670783e-01 3.224828099262027487e-02 1.358214831805714361e-02
8.256281407035173103e-01 3.555268890040358398e-02 1.678128736938600679e-02
8.417085427135677644e-01 3.802923835550909432e-02 1.950669645825489282e-02
8.577889447236179965e-01 3.966770412452963468e-02 2.177185569789080385e-02
8.738693467336682286e-01 4.043332057028821425e-02 2.359113047529980134e-02
8.899497487437184606e-01 4.023158660679344162e-02 2.498212322572266123e-02
9.060301507537686927e-01 3.873578311365546284e-02 2.598131264978604735e-02
9.221105527638189248e-01 3.546381475848797704e-02 2.663804321414298126e-02
9.381909547738691568e-01 3.259994004148775854e-02 2.670957978748084161e-02
9.542713567839193889e-01 3.026124677832156898e-02 2.613838219516894171e-02
9.703517587939696210e-01 2.848811162159219090e-02 2.482297168157725567e-02
9.864321608040198530e-01 2.741019207936587487e-02 2.250361841985054623e-02
1.002512562814070085e+00 2.766917323861754416e-02 1.795858398443755943e-02
1.018592964824120317e+00 2.820887429960350010e-02 1.311507163227944132e-02
1.034673366834170549e+00 2.798486523517395436e-02 9.899956429497289850e-03
1.050753768844221003e+00 2.681718290695040557e-02 8.588385174145420770e-03
1.066834170854271235e+00 2.392793079490756689e-02 1.055702831286747280e-02
1.082914572864321467e+00 2.086227307784656662e-02 1.334423051167840830e-02
1.098994974874371700e+00 1.846893305057016946e-02 1.547907341803034936e-02
1.115075376884421932e+00 1.678216632236115280e-02 1.692256302424143335e-02
1.131155778894472164e+00 1.593664458187327507e-02 1.757941152803387322e-02
1.147236180904522396e+00 1.659170259608509779e-02 1.702014629044201061e-02
1.163316582914572628e+00 1.762306936456337764e-02 1.596424880652641889e-02
1.179396984924622860e+00 1.815543708540264325e-02 1.497649500811072155e-02
1.195477386934673092e+00 1.815829157845945396e-02 1.405199396273648128e-02
1.211557788944723324e+00 1.755680083754491277e-02 1.318584845495217144e-02
1.227638190954773556e+00 1.609300396262719826e-02 1.237332844250909648e-02
1.243718592964824010e+00 1.347323303059765574e-02 1.160885675547926668e-02
1.259798994974874242e+00 1.131454020752795456e-02 1.087733761455031249e-02
1.275879396984924474e+00 9.680638975428883589e-03 1.016144950699303905e-02
1.291959798994974706e+00 8.732927233187253932e-03 9.394857337907010914e-03
1.308040201005024938e+00 8.245166823924020977e-03 8.648111548536818391e-03
1.324120603015075170e+00 7.856596224685723565e-03 8.047950910544795708e-03
1.340201005025125403e+00 7.572044965547057235e-03 7.598577064537108752e-03
1.356281407035175635e+00 7.404769699765470677e-03 7.315217943733376763e-03
1.372361809045225867e+00 7.395556192734231531e-03 7.248428223310367062e-03
1.388442211055276099e+00 7.638720389965990808e-03 7.523045376812049351e-03
1.404522613065326331e+00 7.846929824150901053e-03 7.768979975462103095e-03
1.420603015075376563e+00 7.989076408157378892e-03 7.944054239553868801e-03
1.436683417085426795e+00 8.067448459034943370e-03 8.050634487115401056e-03
1.452763819095477249e+00 8.083774372206574757e-03 8.090505336248035931e-03
1.468844221105527481e+00 8.038859750095514109e-03 8.064480820005359360e-03
1.484924623115577713e+00 7.931781155006450978e-03 7.971541888662834682e-03
1.501005025125627945e+00 7.757530794603264591e-03 7.806318295127040452e-03
1.517085427135678177e+00 7.490877770070647826e-03 7.541727710255756792e-03
1.533165829145728409e+00 7.137611688346506833e-03 7.181863823793053873e-03
1.549246231155778641e+00 6.797282726161287328e-03 6.835632206485211214e-03
1.565326633165828873e+00 6.469212573690995109e-03 6.502312276779672641e-03
1.581407035175879106e+00 6.152694079811037338e-03 6.181158437892441022e-03
1.597487437185929338e+00 5.846969536063382523e-03 5.871378705164054766e-03
1.613567839195979570e+00 5.551194943352872994e-03 5.572099638372568844e-03
1.629648241206029802e+00 5.264376316756395717e-03 5.282303944680958804e-03
1.645728643216080034e+00 4.985242924254962467e-03 5.000706427299813316e-03
1.661809045226130488e+00 4.711948816438284691e-03 4.725462038713557252e-03
1.677889447236180720e+00 4.441114704249323267e-03 4.453228793136411630e-03
1.693969849246230952e+00 4.160306319967712815e-03 4.171649190231258193e-03
1.710050251256281184e+00 3.883822999522244367e-03 3.894395631259236438e-03
1.726130653266331416e+00 3.631177618031829028e-03 3.641017224948525383e-03
1.742211055276381648e+00 3.400995874663863446e-03 3.410137294463587779e-03
1.758291457286431880e+00 3.192054058452850358e-03 3.200529769457866915e-03
1.774371859296482112e+00 3.003288489013095867e-03 3.011128601090325586e-03
1.790452261306532344e+00 2.833813943375809458e-03 2.841046151664370582e-03
1.806532663316582576e+00 2.682957618865698841e-03 2.689607100421391797e-03
1.822613065326632809e+00 2.550322423615266395e-03 2.556411639809144654e-03
1.838693467336683041e+00 2.435912305273017515e-03 2.441460633716147164e-03
1.854773869346733273e+00 2.340411952894047663e-03 2.345434968647749658e-03
1.870854271356783505e+00 2.265968776958281281e-03 2.270476655118187134e-03
1.886934673366833737e+00 2.220120981075809474e-03 2.224114069082019311e-03
1.903015075376883969e+00 2.213035621996406552e-03 2.217181681451933003e-03
1.919095477386934201e+00 2.198826365791025587e-03 2.203188145546592161e-03
1.935175879396984433e+00 2.176275191150282753e-03 2.180818707970355250e-03
1.951256281407034665e+00 2.145959131868972573e-03 2.150652463386305748e-03
1.967336683417085341e+00 2.108425849393695713e-03 2.113239077558903140e-03
1.983417085427135573e+00 2.064191146142551562e-03 2.069096298624815283e-03
1.999497487437185805e+00 2.013735698969316892e-03 2.018706689054257548e-03
2.015577889447236259e+00 1.957500546055595311e-03 1.962513111564081689e-03
2.031658291457286492e+00 1.895880544696993200e-03 1.900912186456773676e-03
2.047738693467336724e+00 1.829214412691326655e-03 1.834244333113997606e-03
2.063819095477386956e+00 1.757768723733589165e-03 1.762777766081393945e-03
2.079899497487437188e+00 1.681710434816089490e-03 1.686681023727027492e-03
2.095979899497487420e+00 1.601055449389683551e-03 1.605971532898110496e-03
2.112060301507537652e+00 1.515559495622816532e-03 1.520406486482507244e-03
2.128140703517587884e+00 1.424434536557935048e-03 1.429199233467099957e-03
2.144221105527638116e+00 1.325216142700849989e-03 1.329886377320219516e-03
2.160301507537688348e+00 1.209674102199826719e-03 1.214022798603612641e-03
2.176381909547738580e+00 1.099103116416454530e-03 1.103025359157320086e-03
2.192462311557788812e+00 9.979576058375251666e-04 1.001490371488102712e-03
2.208542713567839044e+00 9.055184749479027427e-04 9.086957182608088480e-04
2.224623115577889276e+00 8.211211651953319833e-04 8.239740485694408909e-04
2.240703517587939508e+00 7.441523204172351569e-04 7.467094274249843179e-04
2.256783919597989740e+00 6.740467487311981119e-04 6.763342827287495982e-04
2.272864321608039972e+00 6.102846971844967661e-04 6.123266659660379094e-04
2.288944723618090205e+00 5.523894711447898754e-04 5.542078585386087239e-04
2.305025125628140437e+00 4.999254559559813266e-04 5.015403812132129867e-04
2.321105527638190669e+00 4.524966420604369208e-04 4.539265078328642519e-04
2.337185929648240901e+00 4.097458337022970732e-04 4.110074633642678168e-04
2.353266331658291133e+00 3.713548732910721697e-04 3.724636383202659085e-04
2.369346733668341365e+00 3.370465297253027646e-04 3.380164678493890150e-04
2.385427135678392041e+00 3.065894249544993391e-04 3.074333498006156878e-04
2.401507537688442273e+00 2.798092741438285729e-04 2.805388773592743055e-04
2.417587939698492505e+00 2.566157323331756234e-04 2.572416801593214010e-04
2.433668341708542737e+00 2.370801517923414460e-04 2.376121842163093358e-04
2.449748743718592969e+00 2.218409178622778586e-04 2.222880736487815553e-04
2.465829145728643201e+00 2.117184998379335024e-04 2.121373655473784644e-04
2.481909547738693433e+00 2.020781856991884064e-04 2.024757046506669739e-04
2.497989949748743665e+00 1.927661251845457033e-04 1.931431440106289466e-04
2.514070351758793898e+00 1.837717770054241126e-04 1.841291125911144087e-04
2.530150753768844130e+00 1.750848177466187848e-04 1.754232579805131362e-04
2.546231155778894362e+00 1.666951317048244983e-04 1.670154362086931485e-04
2.562311557788944594e+00 1.585927997080727550e-04 1.588957005418554168e-04
2.578391959798994826e+00 1.507680867170615817e-04 1.510542890581978090e-04
2.594472361809045058e+00 1.432114279522314810e-04 1.434816107467214435e-04
2.610552763819095290e+00 1.359134132195671091e-04 1.361682298020957973e-04
2.626633165829145522e+00 1.288647690116251224e-04 1.291048476911892996e-04
2.642713567839195754e+00 1.220563378350445648e-04 1.222822824427202866e-04
2.658793969849245986e+00 1.154790540423491379e-04 1.156914444345193659e-04
2.674874371859296218e+00 1.091239152138592664e-04 1.093233077256738374e-04
2.690954773869346450e+00 1.029819478082290459e-04 1.031688756480429248e-04
2.707035175879396682e+00 9.704416534648349516e-05 9.721913892045728296e-05
2.723115577889446914e+00 9.130151674073409048e-05 9.146502389243103554e-05
2.739195979899497146e+00 8.574482143195519539e-05 8.589732757793506807e-05
2.755276381909547379e+00 8.036468659759325197e-05 8.050663473093079743e-05
2.771356783919597611e+00 7.515139956392418276e-05 7.528321009012521885e-05
2.787437185929648287e+00 7.009478526221908363e-05 7.021685561280047888e-05
2.803517587939698519e+00 6.518401331840045082e-05 6.529671726758791406e-05
2.819597989949748751e+00 6.040733074188612834e-05 6.051101731302332656e-05
2.835678391959798983e+00 5.575168150965359004e-05 5.584667329960889720e-05
2.851758793969849215e+00 5.120214834702538039e-05 5.128873899775529739e-05
2.867839195979899447e+00 4.674110369184865794e-05 4.681955406521867968e-05
2.883919597989949679e+00 4.234686175283656063e-05 4.241739404512655617e-05
2.899999999999999911e+00 3.799142303525784105e-05 3.805421143836953084e-05
